{"animations":[{"joint":"BaseBone","keyframes":[{"time":0,"pose":[1,0,0,0,0,0,-1,0,0,1,0,0,0,0,0,1]},{"time":0.4167,"pose":[1,0,0,0,0,0,-1,0,0,1,0,0,0,0,0,1]},{"time":0.8333,"pose":[1,0,0,0,0,0,-1,0,0,1,0,0,0,0,0,1]},{"time":1.25,"pose":[1,0,0,0,0,0,-1,0,0,1,0,0,0,0,0,1]},{"time":1.6667,"pose":[1,0,0,0,0,0,-1,0,0,1,0,0,0,0,0,1]}]},{"joint":"MiddleBone","keyframes":[{"time":0,"pose":[1,0,0,0,0,1,0,1.5047,0,0,1,0,0,0,0,1]},{"time":0.4167,"pose":[0.6948,-0.7069,0.1328,0,0.7111,0.7028,0.0206,1.5047,-0.1079,0.0802,0.9909,0,0,0,0,1]},{"time":0.8333,"pose":[1,0,0,0,0,1,0,1.5047,0,0,1,0,0,0,0,1]},{"time":1.25,"pose":[0.5747,0.8096,-0.1196,0,-0.8037,0.5859,0.1041,1.5047,0.1543,0.0363,0.9874,0,0,0,0,1]},{"time":1.6667,"pose":[1,0,0,0,0,1,0,1.5047,0,0,1,0,0,0,0,1]}]},{"joint":"TopBone","keyframes":[{"time":0,"pose":[1,0,0,0,0,1,0,1.4955,0,0,1,0,0,0,0,1]},{"time":0.4167,"pose":[0.5344,0.8363,-0.1224,0,-0.8299,0.5466,0.1118,1.4955,0.1604,0.0418,0.9862,0,0,0,0,1]},{"time":0.8333,"pose":[1,0,0,0,0,1,0,1.4955,0,0,1,0,0,0,0,1]},{"time":1.25,"pose":[0.361,-0.9146,0.1821,0,0.9235,0.3778,0.0668,1.4955,-0.1299,0.1441,0.981,0,0,0,0,1]},{"time":1.6667,"pose":[1,0,0,0,0,1,0,1.4955,0,0,1,0,0,0,0,1]}]}]}