{"animations":[{"joint":"Root","keyframes":[{"time":0,"pose":[1,0,0.0029,-1.0652,0.0029,0.0012,-1,-0.0181,0,1,0.0012,2.6239,0,0,0,1]},{"time":0.4167,"pose":[1,0.0083,0.0009,0.5964,0.001,-0.0129,-0.9999,-0.0048,-0.0083,0.9999,-0.0129,1.699,0,0,0,1]},{"time":0.8333,"pose":[1,0,0.0029,-1.0652,0.0029,0.0012,-1,-0.0181,0,1,0.0012,2.6239,0,0,0,1]}]},{"joint":"Leg_01","keyframes":[{"time":0,"pose":[-0.9645,0.2639,0,0.8323,-0.2639,-0.9645,0,0.2571,0,0,1,-0.0181,0,0,0,1]},{"time":0.4167,"pose":[-0.9999,-0.0084,0.0021,0.8323,0.0085,-0.9999,0.0089,0.2571,0.002,0.009,1,-0.0181,0,0,0,1]},{"time":0.8333,"pose":[-0.9645,0.2639,0,0.8323,-0.2639,-0.9645,0,0.2571,0,0,1,-0.0181,0,0,0,1]}]},{"joint":"Leg_02","keyframes":[{"time":0,"pose":[0,0.3586,0.9335,0,0,0.9335,-0.3586,1.1372,-1,0,0,0,0,0,0,1]},{"time":0.4167,"pose":[0.0063,0.9451,0.3267,0,0.0064,0.3266,-0.9451,1.1372,-1,0.008,-0.004,0,0,0,0,1]},{"time":0.8333,"pose":[0,0.3586,0.9335,0,0,0.9335,-0.3586,1.1372,-1,0,0,0,0,0,0,1]}]},{"joint":"Leg_03","keyframes":[{"time":0,"pose":[-1,0,0,0,0,0.0041,-1,1.5671,0,-1,-0.0041,0,0,0,0,1]},{"time":0.4167,"pose":[-0.9981,-0.0331,-0.0513,0,0.053,-0.8876,-0.4576,1.5671,-0.0304,-0.4595,0.8877,0,0,0,0,1]},{"time":0.8333,"pose":[-1,0,0,0,0,0.0041,-1,1.5671,0,-1,-0.0041,0,0,0,0,1]}]},{"joint":"Hand_01","keyframes":[{"time":0,"pose":[1,0,0,-1.0057,0,-0.0032,1,0.2841,0,-1,-0.0032,-0.4764,0,0,0,1]},{"time":0.4167,"pose":[1,0,0,-1.0057,0,-0.0032,1,0.2841,0,-1,-0.0032,-0.4764,0,0,0,1]},{"time":0.8333,"pose":[1,0,0,-1.0057,0,-0.0032,1,0.2841,0,-1,-0.0032,-0.4764,0,0,0,1]}]},{"joint":"Hand_02","keyframes":[{"time":0,"pose":[1,0,0,0,0,0.9304,0.3665,1.2802,0,-0.3665,0.9304,0,0,0,0,1]},{"time":0.4167,"pose":[1,0,0,0,0,0.9304,0.3665,1.2802,0,-0.3665,0.9304,0,0,0,0,1]},{"time":0.8333,"pose":[1,0,0,0,0,0.9304,0.3665,1.2802,0,-0.3665,0.9304,0,0,0,0,1]}]},{"joint":"IK_Target","keyframes":[{"time":0,"pose":[0,-1,0,-0.0887,1,0,0,0,0,0,1,0.2248,0,0,0,1]},{"time":0.4167,"pose":[0,-1,0,-0.0776,1,0,0,0,0,0,1,0.3252,0,0,0,1]},{"time":0.8333,"pose":[0,-1,0,-0.0887,1,0,0,0,0,0,1,0.2248,0,0,0,1]}]},{"joint":"IK_Pole","keyframes":[{"time":0,"pose":[0,0,-1,2.8298,-1,0,0,0,0,1,0,1.5794,0,0,0,1]},{"time":0.4167,"pose":[0,0,-1,3.7252,-1,0,0,0,0,1,0,1.5794,0,0,0,1]},{"time":0.8333,"pose":[0,0,-1,2.8298,-1,0,0,0,0,1,0,1.5794,0,0,0,1]}]}]}